27080
69017
39036
19006
6007
48011
18017
65001
54080
21027
28023
27090
15030
40007
39095
28080
39007
18008
55032
31023
75017
45004
23016
64006
54063
44011
54017
71014
54008
84012
55029
27034
33021
55026
30004
45001
54016
27026
41006
74001
34003
67001
28039
75004
42011
50006
69012
29002
54025
9005
54034
7006
36012
50002
33053
27001
28082
39019
66006
33039
43017
80002
82003
13007
54007
54015
44002
33013
49004
85003
32004
54052
58012
27077
37011
28091
81006
83004
56002
79003
54049
106001
80004
55021
76011
72007
53007
21024
37018
39004
8009
39020
45009
92001
40016
28117
33024
39069
19020
11003
26005
53009
58006
42008
77002
42004
77003
33019
10003
34007
39029
21022
4003
55016
28060
14002
23008
29003
96004
33012
56001
39011
28015
39125
54022
30015
20007
12009
4005
36009
53005
42001
73011
15013
43014
101002
25020
85002
46008
21012
67018
16004
15012
54003
72002
79002
21013
2001
67025
54057
14001
84004
15007
37005
9003
8011
60002
80006
36003
27003
28081
4006
72004
17005
33033
8006
43007
40020
83003
28074
40022
41025
23006
69043
93001
84016
15023
39105
27047
16003
39127
84020
89005
47004
33028
28046
55013
83006
39022
39028
78006
33058
83009
38004
12007
11001
27023
70002
89007
74005
34008
12005
28048
50011
65007
39108
84019
8013
21009
57008
41028
67033
39144
33023
41027
85001
39120
57009
40005
64002
56012
39142
26009
39087
27029
14005
17003
63004
37001
32006
81007
57007
31002
68004
25021
19017
95001
47014
72015
39021
28018
22001
39099
69027
84013
31006
23011
27087
54028
42006
76003
34011
73005
52005
41011
64001
43009
54024
24001
97002
30001
53022
73015
67010
41029
57004
37031
47018
16001
74007
49002
80005
6008
41022
38021
34006
84008
68001
5003
15039
33031
27065
40010
65008
27041
28001
44006
39034
65004
52006
58009
27009
27049
10002
21026
39008
54029
34005
13004
53018
66001
66004
39078
33029
37010
58010
40009
54005
59001
66011
17004
60010
89002
39081
30005
84017
50007
39016
41004
54004
28072
41009
27002
28012
77004
25001
83007
44009
69030
84014
39015
39012
12002
71004
39025
37019
13008
26003
55014
96002
84026
18003
25012
31010
39088
42017
24005
21015
21003
89003
29009
28009
15014
84009
47001
68003
69023
39010
39001
39027
27032
41005
88001
28003
41020
60006
28044
43018
52004
84030
33018
54060
39035
18002
71008
54019
41001
39065
36010
24003
41003
79004
20003
28056
28055
27042
84005
39017
57005
21008
39049
78003
7001
73009
41014
28093
45003
20002
71001
83013
18014
67005
34010
33034
27043
79005
27006
58008
84018
53006
54044
65006
28022
27051
39006
7005
42027
80001
19001
53028
12006
40012
52007
43008
42024
15025
34004
68020
40017
47009
54032
27030
33014
33007
17015
54020
60012
8004
50008
21011
54095
83010
52015
34002
39002
39014
28067
25029
37003
52011
46014
55025
60005
46005
48004
54001
53013
28116
33020
36006
46003
22006
39052
18018
21018
28024
21017
31025
13001
12008
28050
28043
55023
56007
32003
43021
31021
73010
27007
41012
54012
28066
7003
1001
54036
40013
55007
17018
101005
8005
11004
81004
61001
73014
38001
52010
28085
38003
28031
39023
41023
33035
38029
28052
17001
45005
54048
81003
2002
39143
39061
51001
15011
27025
78004
4001
80003
27035
47011
43005
21006
21016
85004
57006
71006
39056
33022
90003
38018
61002
72014
15016
40018
19010
60003
